  0.00000000E+00  0.15000000E+04  0.15000000E+04  0.15000000E+04  0.15000000E+04  0.15000000E+04  0.15000000E+04
  0.10197073E+01  0.14999992E+04  0.14999993E+04  0.14999993E+04  0.14999993E+04  0.14999993E+04  0.14999993E+04
  0.20241951E+01  0.14999978E+04  0.14999986E+04  0.14999987E+04  0.14999987E+04  0.14999987E+04  0.14999987E+04
  0.30439023E+01  0.14999947E+04  0.14999974E+04  0.14999979E+04  0.14999980E+04  0.14999980E+04  0.14999981E+04
  0.40483900E+01  0.14999871E+04  0.14999956E+04  0.14999970E+04  0.14999973E+04  0.14999974E+04  0.14999974E+04
  0.50528779E+01  0.14999683E+04  0.14999922E+04  0.14999957E+04  0.14999965E+04  0.14999967E+04  0.14999967E+04
  0.60725863E+01  0.14999208E+04  0.14999855E+04  0.14999937E+04  0.14999954E+04  0.14999959E+04  0.14999961E+04
  0.70770796E+01  0.14998078E+04  0.14999724E+04  0.14999907E+04  0.14999941E+04  0.14999950E+04  0.14999953E+04
  0.80815852E+01  0.14995482E+04  0.14999459E+04  0.14999856E+04  0.14999923E+04  0.14999940E+04  0.14999945E+04
  0.91013389E+01  0.14989682E+04  0.14998915E+04  0.14999768E+04  0.14999896E+04  0.14999927E+04  0.14999936E+04
  0.10105926E+02  0.14977777E+04  0.14997851E+04  0.14999617E+04  0.14999858E+04  0.14999910E+04  0.14999926E+04
  0.11125827E+02  0.14953893E+04  0.14995753E+04  0.14999347E+04  0.14999798E+04  0.14999888E+04  0.14999914E+04
  0.12130648E+02  0.14909829E+04  0.14991858E+04  0.14998881E+04  0.14999706E+04  0.14999858E+04  0.14999899E+04
  0.13135678E+02  0.14831689E+04  0.14984759E+04  0.14998072E+04  0.14999562E+04  0.14999817E+04  0.14999881E+04
  0.14156229E+02  0.14697048E+04  0.14971948E+04  0.14996657E+04  0.14999330E+04  0.14999756E+04  0.14999857E+04
  0.15161932E+02  0.14482225E+04  0.14950117E+04  0.14994290E+04  0.14998967E+04  0.14999671E+04  0.14999826E+04
  0.16168125E+02  0.14150554E+04  0.14913268E+04  0.14990332E+04  0.14998393E+04  0.14999546E+04  0.14999785E+04
  0.17174927E+02  0.13661705E+04  0.14851813E+04  0.14983777E+04  0.14997485E+04  0.14999364E+04  0.14999730E+04
  0.18182469E+02  0.12981272E+04  0.14749361E+04  0.14972945E+04  0.14996049E+04  0.14999094E+04  0.14999655E+04
  0.19206180E+02  0.12100849E+04  0.14572889E+04  0.14954547E+04  0.14993726E+04  0.14998685E+04  0.14999551E+04
  0.20211687E+02  0.11170336E+04  0.14272992E+04  0.14923687E+04  0.14990054E+04  0.14998082E+04  0.14999407E+04
  0.21215743E+02  0.10438129E+04  0.13754451E+04  0.14869256E+04  0.14984047E+04  0.14997166E+04  0.14999205E+04
  0.22233387E+02  0.10088185E+04  0.12903503E+04  0.14766614E+04  0.14973680E+04  0.14995721E+04  0.14998912E+04
  0.23234918E+02  0.10008253E+04  0.11811230E+04  0.14572609E+04  0.14955549E+04  0.14993440E+04  0.14998489E+04
  0.24250138E+02  0.10000274E+04  0.10806377E+04  0.14199310E+04  0.14921496E+04  0.14989592E+04  0.14997845E+04
  0.25259191E+02  0.10000003E+04  0.10232730E+04  0.13549409E+04  0.14856884E+04  0.14982974E+04  0.14996851E+04
  0.26273604E+02  0.99999999E+03  0.10037881E+04  0.12585829E+04  0.14731719E+04  0.14971079E+04  0.14995246E+04
  0.27281757E+02  0.99999999E+03  0.10003033E+04  0.11504922E+04  0.14495612E+04  0.14949422E+04  0.14992605E+04
  0.28283539E+02  0.99999999E+03  0.10000100E+04  0.10645761E+04  0.14072796E+04  0.14909483E+04  0.14988152E+04
  0.29300039E+02  0.99999999E+03  0.10000001E+04  0.10181941E+04  0.13371619E+04  0.14833438E+04  0.14980272E+04
  0.30309173E+02  0.99999999E+03  0.99999999E+03  0.10030686E+04  0.12414184E+04  0.14692120E+04  0.14966338E+04
  0.31321068E+02  0.99999999E+03  0.99999999E+03  0.10002633E+04  0.11389522E+04  0.14432962E+04  0.14941090E+04
  0.32325025E+02  0.99999999E+03  0.99999999E+03  0.10000099E+04  0.10600373E+04  0.13987367E+04  0.14895444E+04
  0.33340704E+02  0.99999999E+03  0.99999999E+03  0.10000001E+04  0.10175316E+04  0.13279829E+04  0.14810867E+04
  0.34347586E+02  0.99999999E+03  0.99999999E+03  0.99999999E+03  0.10031810E+04  0.12347228E+04  0.14658286E+04
  0.35355146E+02  0.99999999E+03  0.99999999E+03  0.99999999E+03  0.10003095E+04  0.11368512E+04  0.14387436E+04
  0.36372165E+02  0.99999999E+03  0.99999999E+03  0.99999999E+03  0.10000132E+04  0.10600306E+04  0.13925766E+04
  0.37379291E+02  0.99999999E+03  0.99999999E+03  0.99999999E+03  0.10000002E+04  0.10185577E+04  0.13226096E+04
  0.38385537E+02  0.99999999E+03  0.99999999E+03  0.99999999E+03  0.99999999E+03  0.10036380E+04  0.12315006E+04
  0.39399249E+02  0.99999999E+03  0.99999999E+03  0.99999999E+03  0.99999999E+03  0.10003898E+04  0.11358998E+04
  0.40410845E+02  0.99999999E+03  0.99999999E+03  0.99999999E+03  0.99999999E+03  0.10000197E+04  0.10611725E+04
  0.41419924E+02  0.99999999E+03  0.99999999E+03  0.99999999E+03  0.99999999E+03  0.10000004E+04  0.10195618E+04
  0.42426114E+02  0.99999999E+03  0.99999999E+03  0.99999999E+03  0.99999999E+03  0.99999999E+03  0.10040439E+04
  0.43437208E+02  0.99999999E+03  0.99999999E+03  0.99999999E+03  0.99999999E+03  0.99999999E+03  0.10004700E+04
  0.44452400E+02  0.99999999E+03  0.99999999E+03  0.99999999E+03  0.99999999E+03  0.99999999E+03  0.10000260E+04
  0.45455293E+02  0.99999999E+03  0.99999999E+03  0.99999999E+03  0.99999999E+03  0.99999999E+03  0.10000006E+04
  0.46469082E+02  0.99999999E+03  0.99999999E+03  0.99999999E+03  0.99999999E+03  0.99999999E+03  0.99999999E+03
  0.47477591E+02  0.99999999E+03  0.99999999E+03  0.99999999E+03  0.99999999E+03  0.99999999E+03  0.99999999E+03
  0.48490107E+02  0.99999999E+03  0.99999999E+03  0.99999999E+03  0.99999999E+03  0.99999999E+03  0.99999999E+03
  0.49495107E+02  0.99999999E+03  0.99999999E+03  0.99999999E+03  0.99999999E+03  0.99999999E+03  0.99999999E+03
  0.50507607E+02  0.99999999E+03  0.99999999E+03  0.99999999E+03  0.99999999E+03  0.99999999E+03  0.99999999E+03
  0.51520107E+02  0.99999999E+03  0.99999999E+03  0.99999999E+03  0.99999999E+03  0.99999999E+03  0.99999999E+03
  0.52532607E+02  0.99999999E+03  0.99999999E+03  0.99999999E+03  0.99999999E+03  0.99999999E+03  0.99999999E+03
  0.53537607E+02  0.99999999E+03  0.99999999E+03  0.99999999E+03  0.99999999E+03  0.99999999E+03  0.99999999E+03
  0.54550107E+02  0.99999999E+03  0.99999999E+03  0.99999999E+03  0.99999999E+03  0.99999999E+03  0.99999999E+03
  0.55562607E+02  0.99999999E+03  0.99999999E+03  0.99999999E+03  0.99999999E+03  0.99999999E+03  0.99999999E+03
  0.56567607E+02  0.99999999E+03  0.99999999E+03  0.99999999E+03  0.99999999E+03  0.99999999E+03  0.99999999E+03
  0.57580107E+02  0.99999999E+03  0.99999999E+03  0.99999999E+03  0.99999999E+03  0.99999999E+03  0.99999999E+03
  0.58592607E+02  0.99999999E+03  0.99999999E+03  0.99999999E+03  0.99999999E+03  0.99999999E+03  0.99999999E+03
  0.59597607E+02  0.99999999E+03  0.99999999E+03  0.99999999E+03  0.99999999E+03  0.99999999E+03  0.99999999E+03
  0.60610107E+02  0.99999999E+03  0.99999999E+03  0.99999999E+03  0.99999999E+03  0.99999999E+03  0.99999999E+03
  0.61622607E+02  0.99999999E+03  0.99999999E+03  0.99999999E+03  0.99999999E+03  0.99999999E+03  0.99999999E+03
  0.62627607E+02  0.99999999E+03  0.99999999E+03  0.99999999E+03  0.99999999E+03  0.99999999E+03  0.99999999E+03
  0.63640106E+02  0.99999999E+03  0.99999999E+03  0.99999999E+03  0.99999999E+03  0.99999999E+03  0.99999999E+03
  0.64652606E+02  0.99999999E+03  0.99999999E+03  0.99999999E+03  0.99999999E+03  0.99999999E+03  0.99999999E+03
  0.65657606E+02  0.99999999E+03  0.99999999E+03  0.99999999E+03  0.99999999E+03  0.99999999E+03  0.99999999E+03
  0.66670106E+02  0.99999999E+03  0.99999999E+03  0.99999999E+03  0.99999999E+03  0.99999999E+03  0.99999999E+03
  0.67682606E+02  0.99999999E+03  0.99999999E+03  0.99999999E+03  0.99999999E+03  0.99999999E+03  0.99999999E+03
  0.68687606E+02  0.99999999E+03  0.99999999E+03  0.99999999E+03  0.99999999E+03  0.99999999E+03  0.99999999E+03
  0.69700106E+02  0.99999999E+03  0.99999999E+03  0.99999999E+03  0.99999999E+03  0.99999999E+03  0.99999999E+03
  0.70712606E+02  0.99999999E+03  0.99999999E+03  0.99999999E+03  0.99999999E+03  0.99999999E+03  0.99999999E+03
  0.71717606E+02  0.99999999E+03  0.99999999E+03  0.99999999E+03  0.99999999E+03  0.99999999E+03  0.99999999E+03
  0.72730106E+02  0.99999999E+03  0.99999999E+03  0.99999999E+03  0.99999999E+03  0.99999999E+03  0.99999999E+03
  0.73742606E+02  0.99999999E+03  0.99999999E+03  0.99999999E+03  0.99999999E+03  0.99999999E+03  0.99999999E+03
  0.74747606E+02  0.99999999E+03  0.99999999E+03  0.99999999E+03  0.99999999E+03  0.99999999E+03  0.99999999E+03
  0.75760106E+02  0.99999999E+03  0.99999999E+03  0.99999999E+03  0.99999999E+03  0.99999999E+03  0.99999999E+03
  0.76772606E+02  0.99999999E+03  0.99999999E+03  0.99999999E+03  0.99999999E+03  0.99999999E+03  0.99999999E+03
  0.77785106E+02  0.99999999E+03  0.99999999E+03  0.99999999E+03  0.99999999E+03  0.99999999E+03  0.99999999E+03
  0.78790106E+02  0.99999999E+03  0.99999999E+03  0.99999999E+03  0.99999999E+03  0.99999999E+03  0.99999999E+03
  0.79802606E+02  0.99999999E+03  0.99999999E+03  0.99999999E+03  0.99999999E+03  0.99999999E+03  0.99999999E+03
  0.80815106E+02  0.99999999E+03  0.99999999E+03  0.99999999E+03  0.99999999E+03  0.99999999E+03  0.99999999E+03
  0.81820106E+02  0.99999999E+03  0.99999999E+03  0.99999999E+03  0.99999999E+03  0.99999999E+03  0.99999999E+03
  0.82832606E+02  0.99999999E+03  0.99999999E+03  0.99999999E+03  0.99999999E+03  0.99999999E+03  0.99999999E+03
  0.83845106E+02  0.99999999E+03  0.99999999E+03  0.99999999E+03  0.99999999E+03  0.99999999E+03  0.99999999E+03
  0.84850106E+02  0.99999999E+03  0.99999999E+03  0.99999999E+03  0.99999999E+03  0.99999999E+03  0.99999999E+03
  0.85862606E+02  0.99999999E+03  0.99999999E+03  0.99999999E+03  0.99999999E+03  0.99999999E+03  0.99999999E+03
  0.86875106E+02  0.99999999E+03  0.99999999E+03  0.99999999E+03  0.99999999E+03  0.99999999E+03  0.99999999E+03
  0.87880106E+02  0.99999999E+03  0.99999999E+03  0.99999999E+03  0.99999999E+03  0.99999999E+03  0.99999999E+03
  0.88892606E+02  0.99999999E+03  0.99999999E+03  0.99999999E+03  0.99999999E+03  0.99999999E+03  0.99999999E+03
  0.89905106E+02  0.99999999E+03  0.99999999E+03  0.99999999E+03  0.99999999E+03  0.99999999E+03  0.99999999E+03
  0.90910106E+02  0.99999999E+03  0.99999999E+03  0.99999999E+03  0.99999999E+03  0.99999999E+03  0.99999999E+03
  0.91922606E+02  0.99999999E+03  0.99999999E+03  0.99999999E+03  0.99999999E+03  0.99999999E+03  0.99999999E+03
  0.92935106E+02  0.99999999E+03  0.99999999E+03  0.99999999E+03  0.99999999E+03  0.99999999E+03  0.99999999E+03
  0.93940106E+02  0.99999999E+03  0.99999999E+03  0.99999999E+03  0.99999999E+03  0.99999999E+03  0.99999999E+03
  0.94952606E+02  0.99999999E+03  0.99999999E+03  0.99999999E+03  0.99999999E+03  0.99999999E+03  0.99999999E+03
  0.95965106E+02  0.99999999E+03  0.99999999E+03  0.99999999E+03  0.99999999E+03  0.99999999E+03  0.99999999E+03
  0.96970106E+02  0.99999999E+03  0.99999999E+03  0.99999999E+03  0.99999999E+03  0.99999999E+03  0.99999999E+03
  0.97982606E+02  0.99999999E+03  0.99999999E+03  0.99999999E+03  0.99999999E+03  0.99999999E+03  0.99999999E+03
  0.98995106E+02  0.99999999E+03  0.99999999E+03  0.99999999E+03  0.99999999E+03  0.99999999E+03  0.99999999E+03
  0.10000011E+03  0.99999999E+03  0.99999999E+03  0.99999999E+03  0.99999999E+03  0.99999999E+03  0.99999999E+03
