  0.00000000E+00  0.15000000E+04  0.15000000E+04  0.15000000E+04  0.15000000E+04  0.15000000E+04  0.15000000E+04
  0.10199998E+01  0.14999992E+04  0.14999993E+04  0.14999993E+04  0.14999993E+04  0.14999993E+04  0.14999993E+04
  0.20249988E+01  0.14999978E+04  0.14999986E+04  0.14999987E+04  0.14999987E+04  0.14999987E+04  0.14999987E+04
  0.30449964E+01  0.14999946E+04  0.14999974E+04  0.14999979E+04  0.14999980E+04  0.14999980E+04  0.14999981E+04
  0.40499906E+01  0.14999867E+04  0.14999955E+04  0.14999970E+04  0.14999973E+04  0.14999974E+04  0.14999974E+04
  0.50549760E+01  0.14999664E+04  0.14999919E+04  0.14999956E+04  0.14999965E+04  0.14999967E+04  0.14999967E+04
  0.60749381E+01  0.14999130E+04  0.14999845E+04  0.14999935E+04  0.14999954E+04  0.14999959E+04  0.14999960E+04
  0.70798427E+01  0.14997807E+04  0.14999692E+04  0.14999902E+04  0.14999940E+04  0.14999950E+04  0.14999953E+04
  0.80846057E+01  0.14994617E+04  0.14999365E+04  0.14999843E+04  0.14999920E+04  0.14999939E+04  0.14999945E+04
  0.91040230E+01  0.14987120E+04  0.14998649E+04  0.14999735E+04  0.14999890E+04  0.14999925E+04  0.14999936E+04
  0.10107693E+02  0.14970903E+04  0.14997146E+04  0.14999537E+04  0.14999844E+04  0.14999907E+04  0.14999925E+04
  0.11124704E+02  0.14936648E+04  0.14993959E+04  0.14999156E+04  0.14999769E+04  0.14999882E+04  0.14999912E+04
  0.12123507E+02  0.14870334E+04  0.14987585E+04  0.14998443E+04  0.14999645E+04  0.14999846E+04  0.14999896E+04
  0.13145673E+02  0.14743161E+04  0.14974614E+04  0.14997050E+04  0.14999429E+04  0.14999792E+04  0.14999874E+04
  0.14141508E+02  0.14523906E+04  0.14950230E+04  0.14994479E+04  0.14999065E+04  0.14999711E+04  0.14999846E+04
  0.15160623E+02  0.14149725E+04  0.14903233E+04  0.14989527E+04  0.14998410E+04  0.14999582E+04  0.14999806E+04
  0.16173944E+02  0.13569738E+04  0.14816631E+04  0.14980277E+04  0.14997256E+04  0.14999376E+04  0.14999749E+04
  0.17176015E+02  0.12759733E+04  0.14661056E+04  0.14963208E+04  0.14995221E+04  0.14999045E+04  0.14999668E+04
  0.18182277E+02  0.11767937E+04  0.14380905E+04  0.14931043E+04  0.14991544E+04  0.14998495E+04  0.14999546E+04
  0.19196840E+02  0.10817266E+04  0.13883866E+04  0.14868802E+04  0.14984712E+04  0.14997554E+04  0.14999359E+04
  0.20203499E+02  0.10229133E+04  0.13079707E+04  0.14747472E+04  0.14971845E+04  0.14995927E+04  0.14999067E+04
  0.21214183E+02  0.10031643E+04  0.11995886E+04  0.14507294E+04  0.14946442E+04  0.14992977E+04  0.14998593E+04
  0.22225328E+02  0.10001807E+04  0.10954517E+04  0.14057292E+04  0.14895058E+04  0.14987428E+04  0.14997794E+04
  0.23235378E+02  0.10000035E+04  0.10306493E+04  0.13318234E+04  0.14791538E+04  0.14976648E+04  0.14996396E+04
  0.24245379E+02  0.10000000E+04  0.10059787E+04  0.12327648E+04  0.14590515E+04  0.14955331E+04  0.14993855E+04
  0.25255379E+02  0.99999999E+03  0.10006275E+04  0.11311984E+04  0.14227204E+04  0.14913272E+04  0.14989110E+04
  0.26265379E+02  0.99999999E+03  0.10000306E+04  0.10555703E+04  0.13637775E+04  0.14831963E+04  0.14980111E+04
  0.27275379E+02  0.99999999E+03  0.10000006E+04  0.10164631E+04  0.12814146E+04  0.14680508E+04  0.14962988E+04
  0.28285379E+02  0.99999999E+03  0.99999999E+03  0.10031320E+04  0.11866905E+04  0.14413504E+04  0.14930651E+04
  0.29295379E+02  0.99999999E+03  0.99999999E+03  0.10003445E+04  0.11008993E+04  0.13977693E+04  0.14870639E+04
  0.30305379E+02  0.99999999E+03  0.99999999E+03  0.10000194E+04  0.10420870E+04  0.13337439E+04  0.14762277E+04
  0.31315379E+02  0.99999999E+03  0.99999999E+03  0.10000005E+04  0.10127497E+04  0.12519525E+04  0.14574075E+04
  0.32325379E+02  0.99999999E+03  0.99999999E+03  0.99999999E+03  0.10026069E+04  0.11644566E+04  0.14264275E+04
  0.33335379E+02  0.99999999E+03  0.99999999E+03  0.99999999E+03  0.10003292E+04  0.10889001E+04  0.13790444E+04
  0.34345379E+02  0.99999999E+03  0.99999999E+03  0.99999999E+03  0.10000231E+04  0.10379977E+04  0.13134345E+04
  0.35355379E+02  0.99999999E+03  0.99999999E+03  0.99999999E+03  0.10000008E+04  0.10121797E+04  0.12337317E+04
  0.36365379E+02  0.99999999E+03  0.99999999E+03  0.99999999E+03  0.10000000E+04  0.10027468E+04  0.11516373E+04
  0.37375379E+02  0.99999999E+03  0.99999999E+03  0.99999999E+03  0.99999999E+03  0.10004034E+04  0.10823048E+04
  0.38385379E+02  0.99999999E+03  0.99999999E+03  0.99999999E+03  0.99999999E+03  0.10000352E+04  0.10358107E+04
  0.39395379E+02  0.99999999E+03  0.99999999E+03  0.99999999E+03  0.99999999E+03  0.10000016E+04  0.10118876E+04
  0.40405379E+02  0.99999999E+03  0.99999999E+03  0.99999999E+03  0.99999999E+03  0.10000000E+04  0.10028353E+04
  0.41415379E+02  0.99999999E+03  0.99999999E+03  0.99999999E+03  0.99999999E+03  0.99999999E+03  0.10004516E+04
  0.42425379E+02  0.99999999E+03  0.99999999E+03  0.99999999E+03  0.99999999E+03  0.99999999E+03  0.10000440E+04
  0.43435379E+02  0.99999999E+03  0.99999999E+03  0.99999999E+03  0.99999999E+03  0.99999999E+03  0.10000024E+04
  0.44445379E+02  0.99999999E+03  0.99999999E+03  0.99999999E+03  0.99999999E+03  0.99999999E+03  0.10000001E+04
  0.45455379E+02  0.99999999E+03  0.99999999E+03  0.99999999E+03  0.99999999E+03  0.99999999E+03  0.99999999E+03
  0.46465379E+02  0.99999999E+03  0.99999999E+03  0.99999999E+03  0.99999999E+03  0.99999999E+03  0.99999999E+03
  0.47475379E+02  0.99999999E+03  0.99999999E+03  0.99999999E+03  0.99999999E+03  0.99999999E+03  0.99999999E+03
  0.48485379E+02  0.99999999E+03  0.99999999E+03  0.99999999E+03  0.99999999E+03  0.99999999E+03  0.99999999E+03
  0.49495379E+02  0.99999999E+03  0.99999999E+03  0.99999999E+03  0.99999999E+03  0.99999999E+03  0.99999999E+03
  0.50505379E+02  0.99999999E+03  0.99999999E+03  0.99999999E+03  0.99999999E+03  0.99999999E+03  0.99999999E+03
  0.51515379E+02  0.99999999E+03  0.99999999E+03  0.99999999E+03  0.99999999E+03  0.99999999E+03  0.99999999E+03
  0.52525379E+02  0.99999999E+03  0.99999999E+03  0.99999999E+03  0.99999999E+03  0.99999999E+03  0.99999999E+03
  0.53535379E+02  0.99999999E+03  0.99999999E+03  0.99999999E+03  0.99999999E+03  0.99999999E+03  0.99999999E+03
  0.54555379E+02  0.99999999E+03  0.99999999E+03  0.99999999E+03  0.99999999E+03  0.99999999E+03  0.99999999E+03
  0.55565379E+02  0.99999999E+03  0.99999999E+03  0.99999999E+03  0.99999999E+03  0.99999999E+03  0.99999999E+03
  0.56575379E+02  0.99999999E+03  0.99999999E+03  0.99999999E+03  0.99999999E+03  0.99999999E+03  0.99999999E+03
  0.57585379E+02  0.99999999E+03  0.99999999E+03  0.99999999E+03  0.99999999E+03  0.99999999E+03  0.99999999E+03
  0.58595379E+02  0.99999999E+03  0.99999999E+03  0.99999999E+03  0.99999999E+03  0.99999999E+03  0.99999999E+03
  0.59605379E+02  0.99999999E+03  0.99999999E+03  0.99999999E+03  0.99999999E+03  0.99999999E+03  0.99999999E+03
  0.60615379E+02  0.99999999E+03  0.99999999E+03  0.99999999E+03  0.99999999E+03  0.99999999E+03  0.99999999E+03
  0.61625379E+02  0.99999999E+03  0.99999999E+03  0.99999999E+03  0.99999999E+03  0.99999999E+03  0.99999999E+03
  0.62635379E+02  0.99999999E+03  0.99999999E+03  0.99999999E+03  0.99999999E+03  0.99999999E+03  0.99999999E+03
  0.63645379E+02  0.99999999E+03  0.99999999E+03  0.99999999E+03  0.99999999E+03  0.99999999E+03  0.99999999E+03
  0.64655379E+02  0.99999999E+03  0.99999999E+03  0.99999999E+03  0.99999999E+03  0.99999999E+03  0.99999999E+03
  0.65665379E+02  0.99999999E+03  0.99999999E+03  0.99999999E+03  0.99999999E+03  0.99999999E+03  0.99999999E+03
  0.66675379E+02  0.99999999E+03  0.99999999E+03  0.99999999E+03  0.99999999E+03  0.99999999E+03  0.99999999E+03
  0.67685379E+02  0.99999999E+03  0.99999999E+03  0.99999999E+03  0.99999999E+03  0.99999999E+03  0.99999999E+03
  0.68695379E+02  0.99999999E+03  0.99999999E+03  0.99999999E+03  0.99999999E+03  0.99999999E+03  0.99999999E+03
  0.69705379E+02  0.99999999E+03  0.99999999E+03  0.99999999E+03  0.99999999E+03  0.99999999E+03  0.99999999E+03
  0.70715379E+02  0.99999999E+03  0.99999999E+03  0.99999999E+03  0.99999999E+03  0.99999999E+03  0.99999999E+03
  0.71725379E+02  0.99999999E+03  0.99999999E+03  0.99999999E+03  0.99999999E+03  0.99999999E+03  0.99999999E+03
  0.72735379E+02  0.99999999E+03  0.99999999E+03  0.99999999E+03  0.99999999E+03  0.99999999E+03  0.99999999E+03
  0.73745379E+02  0.99999999E+03  0.99999999E+03  0.99999999E+03  0.99999999E+03  0.99999999E+03  0.99999999E+03
  0.74755379E+02  0.99999999E+03  0.99999999E+03  0.99999999E+03  0.99999999E+03  0.99999999E+03  0.99999999E+03
  0.75765379E+02  0.99999999E+03  0.99999999E+03  0.99999999E+03  0.99999999E+03  0.99999999E+03  0.99999999E+03
  0.76775379E+02  0.99999999E+03  0.99999999E+03  0.99999999E+03  0.99999999E+03  0.99999999E+03  0.99999999E+03
  0.77785379E+02  0.99999999E+03  0.99999999E+03  0.99999999E+03  0.99999999E+03  0.99999999E+03  0.99999999E+03
  0.78795379E+02  0.99999999E+03  0.99999999E+03  0.99999999E+03  0.99999999E+03  0.99999999E+03  0.99999999E+03
  0.79805379E+02  0.99999999E+03  0.99999999E+03  0.99999999E+03  0.99999999E+03  0.99999999E+03  0.99999999E+03
  0.80815379E+02  0.99999999E+03  0.99999999E+03  0.99999999E+03  0.99999999E+03  0.99999999E+03  0.99999999E+03
  0.81825379E+02  0.99999999E+03  0.99999999E+03  0.99999999E+03  0.99999999E+03  0.99999999E+03  0.99999999E+03
  0.82835379E+02  0.99999999E+03  0.99999999E+03  0.99999999E+03  0.99999999E+03  0.99999999E+03  0.99999999E+03
  0.83845379E+02  0.99999999E+03  0.99999999E+03  0.99999999E+03  0.99999999E+03  0.99999999E+03  0.99999999E+03
  0.84855379E+02  0.99999999E+03  0.99999999E+03  0.99999999E+03  0.99999999E+03  0.99999999E+03  0.99999999E+03
  0.85865379E+02  0.99999999E+03  0.99999999E+03  0.99999999E+03  0.99999999E+03  0.99999999E+03  0.99999999E+03
  0.86875379E+02  0.99999999E+03  0.99999999E+03  0.99999999E+03  0.99999999E+03  0.99999999E+03  0.99999999E+03
  0.87885379E+02  0.99999999E+03  0.99999999E+03  0.99999999E+03  0.99999999E+03  0.99999999E+03  0.99999999E+03
  0.88895379E+02  0.99999999E+03  0.99999999E+03  0.99999999E+03  0.99999999E+03  0.99999999E+03  0.99999999E+03
  0.89905379E+02  0.99999999E+03  0.99999999E+03  0.99999999E+03  0.99999999E+03  0.99999999E+03  0.99999999E+03
  0.90915379E+02  0.99999999E+03  0.99999999E+03  0.99999999E+03  0.99999999E+03  0.99999999E+03  0.99999999E+03
  0.91925379E+02  0.99999999E+03  0.99999999E+03  0.99999999E+03  0.99999999E+03  0.99999999E+03  0.99999999E+03
  0.92935379E+02  0.99999999E+03  0.99999999E+03  0.99999999E+03  0.99999999E+03  0.99999999E+03  0.99999999E+03
  0.93945379E+02  0.99999999E+03  0.99999999E+03  0.99999999E+03  0.99999999E+03  0.99999999E+03  0.99999999E+03
  0.94955379E+02  0.99999999E+03  0.99999999E+03  0.99999999E+03  0.99999999E+03  0.99999999E+03  0.99999999E+03
  0.95965379E+02  0.99999999E+03  0.99999999E+03  0.99999999E+03  0.99999999E+03  0.99999999E+03  0.99999999E+03
  0.96975379E+02  0.99999999E+03  0.99999999E+03  0.99999999E+03  0.99999999E+03  0.99999999E+03  0.99999999E+03
  0.97985379E+02  0.99999999E+03  0.99999999E+03  0.99999999E+03  0.99999999E+03  0.99999999E+03  0.99999999E+03
  0.98995379E+02  0.99999999E+03  0.99999999E+03  0.99999999E+03  0.99999999E+03  0.99999999E+03  0.99999999E+03
  0.10000538E+03  0.99999999E+03  0.99999999E+03  0.99999999E+03  0.99999999E+03  0.99999999E+03  0.99999999E+03
