  0.00000000E+00  0.29300000E+03  0.29300000E+03  0.29300000E+03  0.29300000E+03  0.29300000E+03  0.29300000E+03
  0.10199998E+01  0.29902389E+03  0.29400958E+03  0.29310545E+03  0.29300690E+03  0.29300029E+03  0.29300002E+03
  0.20249988E+01  0.31015288E+03  0.29804069E+03  0.29416127E+03  0.29321046E+03  0.29302961E+03  0.29300322E+03
  0.30449964E+01  0.32485305E+03  0.30492204E+03  0.29678892E+03  0.29402907E+03  0.29323649E+03  0.29304565E+03
  0.40499906E+01  0.34204991E+03  0.31408973E+03  0.30100928E+03  0.29570736E+03  0.29380860E+03  0.29321209E+03
  0.50549760E+01  0.36157114E+03  0.32537210E+03  0.30682331E+03  0.29838289E+03  0.29490077E+03  0.29360567E+03
  0.60749381E+01  0.38350681E+03  0.33879193E+03  0.31429597E+03  0.30217947E+03  0.29665096E+03  0.29433456E+03
  0.70798427E+01  0.40702884E+03  0.35380694E+03  0.32314488E+03  0.30700868E+03  0.29908014E+03  0.29545655E+03
  0.80846057E+01  0.43230660E+03  0.37048389E+03  0.33340851E+03  0.31292137E+03  0.30225586E+03  0.29704154E+03
  0.91040230E+01  0.45964646E+03  0.38901106E+03  0.34521389E+03  0.32002148E+03  0.30627248E+03  0.29917260E+03
  0.10107693E+02  0.48816277E+03  0.40876444E+03  0.35816013E+03  0.32808388E+03  0.31102849E+03  0.30182315E+03
  0.11124704E+02  0.51865404E+03  0.43026989E+03  0.37258118E+03  0.33732548E+03  0.31667126E+03  0.30509781E+03
  0.12123507E+02  0.55021122E+03  0.45285147E+03  0.38800153E+03  0.34744227E+03  0.32302796E+03  0.30891366E+03
  0.13145673E+02  0.58432805E+03  0.47753386E+03  0.40508269E+03  0.35886225E+03  0.33037723E+03  0.31345364E+03
  0.14141508E+02  0.61968519E+03  0.50329800E+03  0.42304783E+03  0.37104220E+03  0.33836947E+03  0.31851153E+03
  0.15160623E+02  0.65868796E+03  0.53181342E+03  0.44293516E+03  0.38463528E+03  0.34742166E+03  0.32435578E+03
  0.16173944E+02  0.70137432E+03  0.56304296E+03  0.46451676E+03  0.39939531E+03  0.35734335E+03  0.33086307E+03
  0.17176015E+02  0.74893615E+03  0.59793649E+03  0.48817067E+03  0.41542519E+03  0.36814308E+03  0.33802116E+03
  0.18182277E+02  0.80360676E+03  0.63874476E+03  0.51514779E+03  0.43333859E+03  0.38013176E+03  0.34600018E+03
  0.19196840E+02  0.86561312E+03  0.68756421E+03  0.54699208E+03  0.45388263E+03  0.39365196E+03  0.35496409E+03
  0.20203499E+02  0.92986806E+03  0.74324150E+03  0.58463700E+03  0.47762508E+03  0.40891560E+03  0.36496078E+03
  0.21214183E+02  0.99200466E+03  0.80156759E+03  0.62878541E+03  0.50570029E+03  0.42665180E+03  0.37638698E+03
  0.22225328E+02  0.10513290E+04  0.85687396E+03  0.67758443E+03  0.53833473E+03  0.44731950E+03  0.38955744E+03
  0.23235378E+02  0.11095628E+04  0.90816115E+03  0.72816396E+03  0.57506187E+03  0.47111796E+03  0.40475658E+03
  0.24245379E+02  0.11678252E+04  0.95754551E+03  0.77797765E+03  0.61516955E+03  0.49803378E+03  0.42218269E+03
  0.25255379E+02  0.12265586E+04  0.10068239E+04  0.82537626E+03  0.65778155E+03  0.52791548E+03  0.44191120E+03
  0.26265379E+02  0.12859795E+04  0.10567386E+04  0.87022917E+03  0.70181376E+03  0.56057451E+03  0.46395768E+03
  0.27275379E+02  0.13462090E+04  0.11074940E+04  0.91365402E+03  0.74596216E+03  0.59577740E+03  0.48831758E+03
  0.28285379E+02  0.14073186E+04  0.11591550E+04  0.95696314E+03  0.78898925E+03  0.63318091E+03  0.51498103E+03
  0.29295379E+02  0.14693511E+04  0.12117548E+04  0.10009327E+04  0.83025768E+03  0.67224473E+03  0.54392829E+03
  0.30305379E+02  0.15323328E+04  0.12653134E+04  0.10458292E+04  0.87004293E+03  0.71217821E+03  0.57510799E+03
  0.31315379E+02  0.15962795E+04  0.13198427E+04  0.10917054E+04  0.90923162E+03  0.75201969E+03  0.60839708E+03
  0.32325379E+02  0.16612007E+04  0.13753500E+04  0.11385680E+04  0.94869535E+03  0.79092320E+03  0.64354282E+03
  0.33335379E+02  0.17271021E+04  0.14318395E+04  0.11864181E+04  0.98893264E+03  0.82853994E+03  0.68010046E+03
  0.34345379E+02  0.17939871E+04  0.14893140E+04  0.12352570E+04  0.10301210E+04  0.86517604E+03  0.71741018E+03
  0.35355379E+02  0.18618583E+04  0.15477759E+04  0.12850865E+04  0.10723007E+04  0.90154201E+03  0.75468704E+03
  0.36365379E+02  0.19307179E+04  0.16072274E+04  0.13359094E+04  0.11154807E+04  0.93832203E+03  0.79126623E+03
  0.37375379E+02  0.20005686E+04  0.16676714E+04  0.13877298E+04  0.11596681E+04  0.97592858E+03  0.82690163E+03
  0.38385379E+02  0.20714139E+04  0.17291120E+04  0.14405534E+04  0.12048716E+04  0.10145307E+04  0.86188004E+03
  0.39395379E+02  0.21432582E+04  0.17915544E+04  0.14943873E+04  0.12511026E+04  0.10541840E+04  0.89682352E+03
  0.40405379E+02  0.22161077E+04  0.18550052E+04  0.15492410E+04  0.12983750E+04  0.10949158E+04  0.93234863E+03
  0.41415379E+02  0.22899700E+04  0.19194734E+04  0.16051262E+04  0.13467063E+04  0.11367530E+04  0.96885901E+03
  0.42425379E+02  0.23648549E+04  0.19849697E+04  0.16620574E+04  0.13961179E+04  0.11797287E+04  0.10065559E+04
  0.43435379E+02  0.24407749E+04  0.20515079E+04  0.17200528E+04  0.14466364E+04  0.12238844E+04  0.10455466E+04
  0.44445379E+02  0.25177452E+04  0.21191051E+04  0.17791354E+04  0.14982961E+04  0.12692750E+04  0.10859294E+04
  0.45455379E+02  0.25957853E+04  0.21877832E+04  0.18393345E+04  0.15511424E+04  0.13159753E+04  0.11278348E+04
  0.46465379E+02  0.26749200E+04  0.22575702E+04  0.19006894E+04  0.16052373E+04  0.13640915E+04  0.11714530E+04
  0.47475379E+02  0.27551820E+04  0.23285035E+04  0.19632537E+04  0.16606687E+04  0.14137773E+04  0.12170580E+04
  0.48485379E+02  0.28366154E+04  0.24006342E+04  0.20271021E+04  0.17175586E+04  0.14652338E+04  0.12649428E+04
  0.49495379E+02  0.29192803E+04  0.24740315E+04  0.20923302E+04  0.17760385E+04  0.15185821E+04  0.13149599E+04
  0.50505379E+02  0.29984177E+04  0.25481889E+04  0.21589780E+04  0.18361174E+04  0.15735477E+04  0.13660785E+04
  0.51515379E+02  0.30627052E+04  0.26167203E+04  0.22250505E+04  0.18971516E+04  0.16294721E+04  0.14173267E+04
  0.52525379E+02  0.31191905E+04  0.26790243E+04  0.22880164E+04  0.19573745E+04  0.16853791E+04  0.14683364E+04
  0.53535379E+02  0.31700539E+04  0.27363523E+04  0.23475372E+04  0.20157197E+04  0.17404143E+04  0.15188973E+04
  0.54555379E+02  0.32167517E+04  0.27899431E+04  0.24042679E+04  0.20723691E+04  0.17946749E+04  0.15693443E+04
  0.55565379E+02  0.32589775E+04  0.28392300E+04  0.24572915E+04  0.21261424E+04  0.18469276E+04  0.16185826E+04
  0.56575379E+02  0.32976248E+04  0.28851104E+04  0.25073826E+04  0.21776527E+04  0.18976637E+04  0.16670410E+04
  0.57585379E+02  0.33330086E+04  0.29278645E+04  0.25547328E+04  0.22269885E+04  0.19468888E+04  0.17146734E+04
  0.58595379E+02  0.33653856E+04  0.29677266E+04  0.25995178E+04  0.22742501E+04  0.19946312E+04  0.17614492E+04
  0.59605379E+02  0.33949735E+04  0.30048986E+04  0.26418965E+04  0.23195376E+04  0.20409283E+04  0.18073476E+04
  0.60615379E+02  0.34219616E+04  0.30395577E+04  0.26820124E+04  0.23629459E+04  0.20858202E+04  0.18523550E+04
  0.61625379E+02  0.34465166E+04  0.30718607E+04  0.27199946E+04  0.24045634E+04  0.21293471E+04  0.18964622E+04
  0.62635379E+02  0.34687869E+04  0.31019477E+04  0.27559596E+04  0.24444708E+04  0.21715475E+04  0.19396631E+04
  0.63645379E+02  0.34889052E+04  0.31299442E+04  0.27900124E+04  0.24827423E+04  0.22124574E+04  0.19819536E+04
  0.64655379E+02  0.35069903E+04  0.31559629E+04  0.28222477E+04  0.25194452E+04  0.22521106E+04  0.20233310E+04
  0.65665379E+02  0.35231494E+04  0.31801054E+04  0.28527512E+04  0.25546406E+04  0.22905381E+04  0.20637937E+04
  0.66675379E+02  0.35374788E+04  0.32024632E+04  0.28816003E+04  0.25883842E+04  0.23277684E+04  0.21033404E+04
  0.67685379E+02  0.35500655E+04  0.32231188E+04  0.29088650E+04  0.26207263E+04  0.23638273E+04  0.21419704E+04
  0.68695379E+02  0.35609881E+04  0.32421470E+04  0.29346085E+04  0.26517128E+04  0.23987387E+04  0.21796833E+04
  0.69705379E+02  0.35703175E+04  0.32596151E+04  0.29588881E+04  0.26813849E+04  0.24325242E+04  0.22164787E+04
  0.70715379E+02  0.35781180E+04  0.32755842E+04  0.29817556E+04  0.27097803E+04  0.24652033E+04  0.22523566E+04
  0.71725379E+02  0.35844475E+04  0.32901095E+04  0.30032579E+04  0.27369329E+04  0.24967938E+04  0.22873168E+04
  0.72735379E+02  0.35893586E+04  0.33032408E+04  0.30234375E+04  0.27628735E+04  0.25273119E+04  0.23213592E+04
  0.73745379E+02  0.35928988E+04  0.33150234E+04  0.30423326E+04  0.27876300E+04  0.25567723E+04  0.23544840E+04
  0.74755379E+02  0.35951110E+04  0.33254981E+04  0.30599782E+04  0.28112277E+04  0.25851882E+04  0.23866910E+04
  0.75765379E+02  0.35960341E+04  0.33347019E+04  0.30764056E+04  0.28336894E+04  0.26125716E+04  0.24179804E+04
  0.76775379E+02  0.35957034E+04  0.33426683E+04  0.30916434E+04  0.28550358E+04  0.26389335E+04  0.24483521E+04
  0.77785379E+02  0.35941508E+04  0.33494276E+04  0.31057173E+04  0.28752858E+04  0.26642837E+04  0.24778061E+04
  0.78795379E+02  0.35914051E+04  0.33550074E+04  0.31186507E+04  0.28944561E+04  0.26886312E+04  0.25063427E+04
  0.79805379E+02  0.35874924E+04  0.33594323E+04  0.31304648E+04  0.29125623E+04  0.27119840E+04  0.25339616E+04
  0.80815379E+02  0.35824363E+04  0.33627250E+04  0.31411787E+04  0.29296182E+04  0.27343495E+04  0.25606630E+04
  0.81825379E+02  0.35762584E+04  0.33649058E+04  0.31508096E+04  0.29456364E+04  0.27557343E+04  0.25864470E+04
  0.82835379E+02  0.35689779E+04  0.33659930E+04  0.31593734E+04  0.29606284E+04  0.27761444E+04  0.26113135E+04
  0.83845379E+02  0.35606124E+04  0.33660035E+04  0.31668841E+04  0.29746044E+04  0.27955854E+04  0.26352625E+04
  0.84855379E+02  0.35511778E+04  0.33649523E+04  0.31733548E+04  0.29875739E+04  0.28140620E+04  0.26582942E+04
  0.85865379E+02  0.35406885E+04  0.33628531E+04  0.31787969E+04  0.29995452E+04  0.28315787E+04  0.26804084E+04
  0.86875379E+02  0.35291574E+04  0.33597182E+04  0.31832210E+04  0.30105260E+04  0.28481397E+04  0.27016053E+04
  0.87885379E+02  0.35165965E+04  0.33555589E+04  0.31866367E+04  0.30205233E+04  0.28637485E+04  0.27218849E+04
  0.88895379E+02  0.35030163E+04  0.33503854E+04  0.31890526E+04  0.30295434E+04  0.28784085E+04  0.27412471E+04
  0.89905379E+02  0.34884265E+04  0.33442068E+04  0.31904765E+04  0.30375919E+04  0.28921226E+04  0.27596920E+04
  0.90915379E+02  0.34728359E+04  0.33370314E+04  0.31909156E+04  0.30446739E+04  0.29048936E+04  0.27772196E+04
  0.91925379E+02  0.34562523E+04  0.33288668E+04  0.31903761E+04  0.30507943E+04  0.29167239E+04  0.27938299E+04
  0.92935379E+02  0.34386831E+04  0.33197199E+04  0.31888640E+04  0.30559571E+04  0.29276158E+04  0.28095229E+04
  0.93945379E+02  0.34201345E+04  0.33095966E+04  0.31863845E+04  0.30601661E+04  0.29375713E+04  0.28242986E+04
  0.94955379E+02  0.34006126E+04  0.32985028E+04  0.31829423E+04  0.30634250E+04  0.29465921E+04  0.28381571E+04
  0.95965379E+02  0.33801226E+04  0.32864434E+04  0.31785417E+04  0.30657367E+04  0.29546800E+04  0.28510984E+04
  0.96975379E+02  0.33586693E+04  0.32734229E+04  0.31731867E+04  0.30671041E+04  0.29618364E+04  0.28631224E+04
  0.97985379E+02  0.33362572E+04  0.32594457E+04  0.31668807E+04  0.30675297E+04  0.29680628E+04  0.28742291E+04
  0.98995379E+02  0.33128901E+04  0.32445153E+04  0.31596270E+04  0.30670160E+04  0.29733602E+04  0.28844186E+04
  0.10000538E+03  0.32885717E+04  0.32286352E+04  0.31514284E+04  0.30655650E+04  0.29777298E+04  0.28936909E+04
