  0.00000000E+00  0.29300000E+03  0.29300000E+03  0.29300000E+03  0.29300000E+03  0.29300000E+03  0.29300000E+03
  0.10197073E+01  0.29896349E+03  0.29398402E+03  0.29310066E+03  0.29300640E+03  0.29300025E+03  0.29300001E+03
  0.20241951E+01  0.30992272E+03  0.29791199E+03  0.29411760E+03  0.29319940E+03  0.29302749E+03  0.29300291E+03
  0.30439023E+01  0.32428683E+03  0.30456800E+03  0.29664208E+03  0.29397909E+03  0.29322211E+03  0.29304217E+03
  0.40483900E+01  0.34092127E+03  0.31333556E+03  0.30066005E+03  0.29557029E+03  0.29376086E+03  0.29319730E+03
  0.50528779E+01  0.35958880E+03  0.32398254E+03  0.30612743E+03  0.29808342E+03  0.29478408E+03  0.29356397E+03
  0.60725863E+01  0.38029881E+03  0.33645781E+03  0.31305233E+03  0.30160540E+03  0.29640888E+03  0.29423952E+03
  0.70770796E+01  0.40218540E+03  0.35018036E+03  0.32111413E+03  0.30601699E+03  0.29863575E+03  0.29526982E+03
  0.80815852E+01  0.42534411E+03  0.36514869E+03  0.33029515E+03  0.31132723E+03  0.30150451E+03  0.29670828E+03
  0.91013389E+01  0.44998140E+03  0.38146093E+03  0.34065080E+03  0.31758736E+03  0.30507393E+03  0.29861599E+03
  0.10105926E+02  0.47522174E+03  0.39849619E+03  0.35177096E+03  0.32455518E+03  0.30922459E+03  0.30095195E+03
  0.11125827E+02  0.50172542E+03  0.41665713E+03  0.36389830E+03  0.33238303E+03  0.31405990E+03  0.30379234E+03
  0.12130648E+02  0.52865509E+03  0.43532087E+03  0.37659030E+03  0.34078046E+03  0.31940796E+03  0.30704963E+03
  0.13135678E+02  0.55644538E+03  0.45471936E+03  0.38996039E+03  0.34980724E+03  0.32530651E+03  0.31075429E+03
  0.14156229E+02  0.58573705E+03  0.47520815E+03  0.40419304E+03  0.35957103E+03  0.33182716E+03  0.31496031E+03
  0.15161932E+02  0.61609206E+03  0.49634700E+03  0.41887830E+03  0.36975462E+03  0.33874955E+03  0.31952858E+03
  0.16168125E+02  0.64872467E+03  0.51880823E+03  0.43431577E+03  0.38050269E+03  0.34615116E+03  0.32450652E+03
  0.17174927E+02  0.68490297E+03  0.54328381E+03  0.45072023E+03  0.39186529E+03  0.35403313E+03  0.32988702E+03
  0.18182469E+02  0.72643463E+03  0.57095452E+03  0.46849944E+03  0.40396671E+03  0.36242522E+03  0.33567304E+03
  0.19206180E+02  0.77616622E+03  0.60423015E+03  0.48867811E+03  0.41725399E+03  0.37154416E+03  0.34198281E+03
  0.20211687E+02  0.83333864E+03  0.64447757E+03  0.51168643E+03  0.43168607E+03  0.38122588E+03  0.34865051E+03
  0.21215743E+02  0.89623547E+03  0.69407246E+03  0.53932445E+03  0.44807926E+03  0.39184959E+03  0.35586228E+03
  0.22233387E+02  0.96053665E+03  0.75225613E+03  0.57365365E+03  0.46752759E+03  0.40395148E+03  0.36388528E+03
  0.23234918E+02  0.10216465E+04  0.81120654E+03  0.61441014E+03  0.49023084E+03  0.41760361E+03  0.37268940E+03
  0.24250138E+02  0.10825786E+04  0.86783228E+03  0.66232179E+03  0.51739986E+03  0.43362189E+03  0.38277948E+03
  0.25259191E+02  0.11436422E+04  0.92119850E+03  0.71478333E+03  0.54889921E+03  0.45204175E+03  0.39420755E+03
  0.26273604E+02  0.12062334E+04  0.97422326E+03  0.76923669E+03  0.58540176E+03  0.47334237E+03  0.40730924E+03
  0.27281757E+02  0.12699483E+04  0.10279365E+04  0.82186786E+03  0.62670488E+03  0.49756147E+03  0.42211747E+03
  0.28283539E+02  0.13349310E+04  0.10829365E+04  0.87170945E+03  0.67245902E+03  0.52497738E+03  0.43878446E+03
  0.29300039E+02  0.14026937E+04  0.11405856E+04  0.92100348E+03  0.72235062E+03  0.55661463E+03  0.45790257E+03
  0.30309173E+02  0.14718763E+04  0.11997365E+04  0.97039366E+03  0.77284494E+03  0.59223971E+03  0.47933785E+03
  0.31321068E+02  0.15432351E+04  0.12610372E+04  0.10214676E+04  0.82214596E+03  0.63243921E+03  0.50359974E+03
  0.32325025E+02  0.16160643E+04  0.13238839E+04  0.10740746E+04  0.86926049E+03  0.67650148E+03  0.53077429E+03
  0.33340704E+02  0.16918595E+04  0.13895742E+04  0.11293687E+04  0.91623012E+03  0.72407635E+03  0.56182702E+03
  0.34347586E+02  0.17691525E+04  0.14568427E+04  0.11862961E+04  0.96354900E+03  0.77207455E+03  0.59654806E+03
  0.35355146E+02  0.18486956E+04  0.15263469E+04  0.12454158E+04  0.10125834E+04  0.81906673E+03  0.63545038E+03
  0.36372165E+02  0.19312656E+04  0.15987758E+04  0.13073260E+04  0.10641602E+04  0.86508436E+03  0.67867521E+03
  0.37379291E+02  0.20153390E+04  0.16727988E+04  0.13708970E+04  0.11174115E+04  0.91024073E+03  0.72426151E+03
  0.38385537E+02  0.21016795E+04  0.17490904E+04  0.14367119E+04  0.11728378E+04  0.95623776E+03  0.77066947E+03
  0.39399249E+02  0.21910751E+04  0.18283556E+04  0.15053902E+04  0.12309754E+04  0.10043497E+04  0.81663589E+03
  0.40410845E+02  0.22827489E+04  0.19099139E+04  0.15763536E+04  0.12913492E+04  0.10545185E+04  0.86139939E+03
  0.41419924E+02  0.23766973E+04  0.19937662E+04  0.16496098E+04  0.13539761E+04  0.11068413E+04  0.90583922E+03
  0.42426114E+02  0.24729149E+04  0.20799120E+04  0.17251650E+04  0.14188714E+04  0.11613520E+04  0.95114212E+03
  0.43437208E+02  0.25722055E+04  0.21690773E+04  0.18036659E+04  0.14866040E+04  0.12185460E+04  0.99852207E+03
  0.44452400E+02  0.26745768E+04  0.22612791E+04  0.18851404E+04  0.15572148E+04  0.12784785E+04  0.10483691E+04
  0.45455293E+02  0.27783951E+04  0.23550484E+04  0.19682958E+04  0.16295928E+04  0.13402199E+04  0.11000030E+04
  0.46469082E+02  0.28861101E+04  0.24526033E+04  0.20551077E+04  0.17054699E+04  0.14052644E+04  0.11547036E+04
  0.47477591E+02  0.29960272E+04  0.25524657E+04  0.21442723E+04  0.17837221E+04  0.14726693E+04  0.12117037E+04
  0.48490107E+02  0.31015336E+04  0.26528762E+04  0.22360430E+04  0.18650314E+04  0.15431156E+04  0.12716122E+04
  0.49495107E+02  0.32035180E+04  0.27495771E+04  0.23269428E+04  0.19474389E+04  0.16155398E+04  0.13337565E+04
  0.50507607E+02  0.32997999E+04  0.28439449E+04  0.24175737E+04  0.20311047E+04  0.16903301E+04  0.13988203E+04
  0.51520107E+02  0.33771687E+04  0.29273377E+04  0.25038747E+04  0.21140560E+04  0.17662264E+04  0.14659565E+04
  0.52532607E+02  0.34441573E+04  0.30006052E+04  0.25830866E+04  0.21936861E+04  0.18417328E+04  0.15344751E+04
  0.53537607E+02  0.35031180E+04  0.30659640E+04  0.26551720E+04  0.22684453E+04  0.19149308E+04  0.16028645E+04
  0.54550107E+02  0.35563409E+04  0.31260300E+04  0.27219638E+04  0.23393670E+04  0.19862357E+04  0.16713468E+04
  0.55562607E+02  0.36042786E+04  0.31810900E+04  0.27835824E+04  0.24060851E+04  0.20548435E+04  0.17389077E+04
  0.56567607E+02  0.36472913E+04  0.32313815E+04  0.28402034E+04  0.24684475E+04  0.21202452E+04  0.18047607E+04
  0.57580107E+02  0.36865362E+04  0.32781289E+04  0.28931662E+04  0.25276985E+04  0.21834840E+04  0.18696999E+04
  0.58592607E+02  0.37220988E+04  0.33213354E+04  0.29424573E+04  0.25836568E+04  0.22441652E+04  0.19331035E+04
  0.59597607E+02  0.37541062E+04  0.33610483E+04  0.29881099E+04  0.26362099E+04  0.23019814E+04  0.19944457E+04
  0.60610107E+02  0.37833359E+04  0.33981428E+04  0.30312035E+04  0.26863809E+04  0.23579151E+04  0.20546121E+04
  0.61622607E+02  0.38097958E+04  0.34325557E+04  0.30718561E+04  0.27339820E+04  0.24116482E+04  0.21131417E+04
  0.62627607E+02  0.38335416E+04  0.34642714E+04  0.31099856E+04  0.27788795E+04  0.24629267E+04  0.21696432E+04
  0.63640106E+02  0.38551222E+04  0.34939484E+04  0.31463194E+04  0.28219165E+04  0.25126317E+04  0.22249966E+04
  0.64652606E+02  0.38745233E+04  0.35215056E+04  0.31807067E+04  0.28629060E+04  0.25604832E+04  0.22788169E+04
  0.65657606E+02  0.38917761E+04  0.35469063E+04  0.32130394E+04  0.29017051E+04  0.26062474E+04  0.23307656E+04
  0.66670106E+02  0.39072730E+04  0.35706588E+04  0.32439125E+04  0.29390174E+04  0.26506993E+04  0.23816599E+04
  0.67682606E+02  0.39209990E+04  0.35926825E+04  0.32731793E+04  0.29746575E+04  0.26935738E+04  0.24311458E+04
  0.68687606E+02  0.39329784E+04  0.36129351E+04  0.33007292E+04  0.30084839E+04  0.27346437E+04  0.24789070E+04
  0.69700106E+02  0.39434855E+04  0.36318102E+04  0.33270526E+04  0.30412205E+04  0.27745860E+04  0.25256867E+04
  0.70712606E+02  0.39525099E+04  0.36492321E+04  0.33520081E+04  0.30727228E+04  0.28131451E+04  0.25711500E+04
  0.71717606E+02  0.39600754E+04  0.36651583E+04  0.33754865E+04  0.31028151E+04  0.28500988E+04  0.26149968E+04
  0.72730106E+02  0.39663602E+04  0.36798889E+04  0.33978908E+04  0.31319837E+04  0.28860399E+04  0.26579001E+04
  0.73742606E+02  0.39713603E+04  0.36933542E+04  0.34190864E+04  0.31600311E+04  0.29207232E+04  0.26995434E+04
  0.74747606E+02  0.39751015E+04  0.37055146E+04  0.34389679E+04  0.31867873E+04  0.29539349E+04  0.27396444E+04
  0.75760106E+02  0.39776819E+04  0.37165913E+04  0.34578640E+04  0.32126718E+04  0.29861953E+04  0.27788117E+04
  0.76772606E+02  0.39791048E+04  0.37265224E+04  0.34756490E+04  0.32374968E+04  0.30172993E+04  0.28167492E+04
  0.77785106E+02  0.39794000E+04  0.37353356E+04  0.34923441E+04  0.32612742E+04  0.30473867E+04  0.28534630E+04
  0.78790106E+02  0.39786016E+04  0.37430001E+04  0.35078546E+04  0.32838474E+04  0.30762607E+04  0.28886992E+04
  0.79802606E+02  0.39767173E+04  0.37496480E+04  0.35224245E+04  0.33055582E+04  0.31043472E+04  0.29229869E+04
  0.80815106E+02  0.39737639E+04  0.37552316E+04  0.35359434E+04  0.33262366E+04  0.31314205E+04  0.29560608E+04
  0.81820106E+02  0.39697863E+04  0.37597312E+04  0.35483286E+04  0.33457406E+04  0.31572833E+04  0.29876903E+04
  0.82832606E+02  0.39647328E+04  0.37632203E+04  0.35597680E+04  0.33643591E+04  0.31823128E+04  0.30183782E+04
  0.83845106E+02  0.39586339E+04  0.37656651E+04  0.35701661E+04  0.33819387E+04  0.32063023E+04  0.30480031E+04
  0.84850106E+02  0.39515484E+04  0.37670605E+04  0.35794560E+04  0.33983554E+04  0.32290754E+04  0.30763560E+04
  0.85862606E+02  0.39433705E+04  0.37674262E+04  0.35877733E+04  0.34138477E+04  0.32509613E+04  0.31038450E+04
  0.86875106E+02  0.39341471E+04  0.37667453E+04  0.35950400E+04  0.34282816E+04  0.32717751E+04  0.31302398E+04
  0.87880106E+02  0.39239543E+04  0.37650300E+04  0.36012081E+04  0.34415537E+04  0.32913633E+04  0.31553430E+04
  0.88892606E+02  0.39126350E+04  0.37622494E+04  0.36063630E+04  0.34538533E+04  0.33100073E+04  0.31795159E+04
  0.89905106E+02  0.39002550E+04  0.37584055E+04  0.36104468E+04  0.34650681E+04  0.33275455E+04  0.32025539E+04
  0.90910106E+02  0.38869107E+04  0.37535314E+04  0.36134330E+04  0.34751175E+04  0.33438494E+04  0.32242868E+04
  0.91922606E+02  0.38723951E+04  0.37475460E+04  0.36153574E+04  0.34841418E+04  0.33591516E+04  0.32450272E+04
  0.92935106E+02  0.38567953E+04  0.37404732E+04  0.36161844E+04  0.34920520E+04  0.33733155E+04  0.32645972E+04
  0.93940106E+02  0.38402299E+04  0.37323684E+04  0.36159108E+04  0.34987919E+04  0.33862384E+04  0.32828541E+04
  0.94952606E+02  0.38224427E+04  0.37231013E+04  0.36145229E+04  0.35044522E+04  0.33981026E+04  0.33000588E+04
  0.95965106E+02  0.38035435E+04  0.37127188E+04  0.36120088E+04  0.35089681E+04  0.34087964E+04  0.33160591E+04
  0.96970106E+02  0.37836752E+04  0.37013004E+04  0.36083896E+04  0.35123085E+04  0.34182432E+04  0.33307402E+04
  0.97982606E+02  0.37625313E+04  0.36886657E+04  0.36036014E+04  0.35145136E+04  0.34265753E+04  0.33443154E+04
  0.98995106E+02  0.37402460E+04  0.36748861E+04  0.35976575E+04  0.35155457E+04  0.34337113E+04  0.33566669E+04
  0.10000011E+03  0.37169877E+04  0.36600671E+04  0.35906062E+04  0.35154028E+04  0.34396064E+04  0.33677147E+04
