  0.00000000E+00  0.29300000E+03  0.29300000E+03  0.29300000E+03  0.29300000E+03  0.29300000E+03  0.29300000E+03
  0.10200000E+01  0.29902388E+03  0.29400957E+03  0.29310545E+03  0.29300689E+03  0.29300028E+03  0.29300001E+03
  0.20250000E+01  0.31015286E+03  0.29804067E+03  0.29416126E+03  0.29321044E+03  0.29302959E+03  0.29300320E+03
  0.30450000E+01  0.32485301E+03  0.30492201E+03  0.29678889E+03  0.29402904E+03  0.29323646E+03  0.29304562E+03
  0.40500000E+01  0.34204980E+03  0.31408966E+03  0.30100924E+03  0.29570733E+03  0.29380857E+03  0.29321205E+03
  0.50550000E+01  0.36157085E+03  0.32537197E+03  0.30682328E+03  0.29838287E+03  0.29490074E+03  0.29360563E+03
  0.60750000E+01  0.38350589E+03  0.33879163E+03  0.31429603E+03  0.30217955E+03  0.29665098E+03  0.29433455E+03
  0.70800000E+01  0.40702603E+03  0.35380620E+03  0.32314524E+03  0.30700910E+03  0.29908039E+03  0.29545665E+03
  0.80850000E+01  0.43229838E+03  0.37048190E+03  0.33340982E+03  0.31292289E+03  0.30225688E+03  0.29704209E+03
  0.91050000E+01  0.45962335E+03  0.38900555E+03  0.34521787E+03  0.32002623E+03  0.30627584E+03  0.29917457E+03
  0.10110000E+02  0.48810252E+03  0.40874971E+03  0.35817071E+03  0.32809704E+03  0.31103822E+03  0.30182916E+03
  0.11115000E+02  0.51804671E+03  0.42990531E+03  0.37238575E+03  0.33721564E+03  0.31660819E+03  0.30506196E+03
  0.12135000E+02  0.54986595E+03  0.45275726E+03  0.38806023E+03  0.34752352E+03  0.32309264E+03  0.30895686E+03
  0.13140000E+02  0.58256436E+03  0.47657914E+03  0.40469418E+03  0.35869899E+03  0.33030246E+03  0.31341644E+03
  0.14145000E+02  0.61654737E+03  0.50164939E+03  0.42247385E+03  0.37086767E+03  0.33832583E+03  0.31850640E+03
  0.15165000E+02  0.65230327E+03  0.52832636E+03  0.44165713E+03  0.38421500E+03  0.34729777E+03  0.32432710E+03
  0.16170000E+02  0.68873816E+03  0.55578640E+03  0.46164965E+03  0.39833074E+03  0.35695013E+03  0.33071506E+03
  0.17175000E+02  0.72633101E+03  0.58437789E+03  0.48269777E+03  0.41338713E+03  0.36740377E+03  0.33775691E+03
  0.18195000E+02  0.76563373E+03  0.61452022E+03  0.50511327E+03  0.42961356E+03  0.37882707E+03  0.34557705E+03
  0.19200000E+02  0.80545867E+03  0.64529718E+03  0.52821297E+03  0.44651731E+03  0.39087817E+03  0.35394896E+03
  0.20205000E+02  0.84634680E+03  0.67711703E+03  0.55229703E+03  0.46431565E+03  0.40371321E+03  0.36298532E+03
  0.21225000E+02  0.88890519E+03  0.71045262E+03  0.57772613E+03  0.48328028E+03  0.41753534E+03  0.37283801E+03
  0.22230000E+02  0.93185745E+03  0.74430026E+03  0.60373318E+03  0.50284033E+03  0.43193215E+03  0.38321881E+03
  0.23235000E+02  0.97579922E+03  0.77912138E+03  0.63066738E+03  0.52325595E+03  0.44709547E+03  0.39426879E+03
  0.24255000E+02  0.10213872E+04  0.81543732E+03  0.65893467E+03  0.54483934E+03  0.46326326E+03  0.40616885E+03
  0.25260000E+02  0.10672608E+04  0.85216139E+03  0.68768813E+03  0.56694476E+03  0.47995471E+03  0.41856967E+03
  0.26265000E+02  0.11140653E+04  0.88980350E+03  0.71732238E+03  0.58987323E+03  0.49739693E+03  0.43164177E+03
  0.27285000E+02  0.11625031E+04  0.92892979E+03  0.74828580E+03  0.61397572E+03  0.51586228E+03  0.44559577E+03
  0.28290000E+02  0.12111335E+04  0.96837448E+03  0.77965505E+03  0.63853430E+03  0.53480310E+03  0.46002154E+03
  0.29295000E+02  0.12606476E+04  0.10086924E+04  0.81186734E+03  0.66388901E+03  0.55448114E+03  0.47511950E+03
  0.30315000E+02  0.13117903E+04  0.10504918E+04  0.84541123E+03  0.69042815E+03  0.57520258E+03  0.49113029E+03
  0.31320000E+02  0.13630446E+04  0.10925309E+04  0.87928978E+03  0.71736370E+03  0.59635413E+03  0.50758314E+03
  0.32325000E+02  0.14151442E+04  0.11354069E+04  0.91398057E+03  0.74507322E+03  0.61823151E+03  0.52470857E+03
  0.33345000E+02  0.14688743E+04  0.11797677E+04  0.95001046E+03  0.77398106E+03  0.64117413E+03  0.54277738E+03
  0.34350000E+02  0.15226443E+04  0.12242985E+04  0.98631131E+03  0.80323089E+03  0.66450405E+03  0.56125819E+03
  0.35355000E+02  0.15772282E+04  0.12696365E+04  0.10233992E+04  0.83323645E+03  0.68855031E+03  0.58041174E+03
  0.36375000E+02  0.16334500E+04  0.13164677E+04  0.10618378E+04  0.86445716E+03  0.71368509E+03  0.60053905E+03
  0.37380000E+02  0.16896473E+04  0.13634064E+04  0.11004898E+04  0.89596975E+03  0.73916652E+03  0.62104817E+03
  0.38385000E+02  0.17466332E+04  0.14111280E+04  0.11399081E+04  0.92822311E+03  0.76535647E+03  0.64223007E+03
  0.39405000E+02  0.18052682E+04  0.14603550E+04  0.11806923E+04  0.96171084E+03  0.79265943E+03  0.66441605E+03
  0.40410000E+02  0.18638208E+04  0.15096330E+04  0.12216370E+04  0.99544390E+03  0.82027023E+03  0.68695357E+03
  0.41415000E+02  0.19231409E+04  0.15596740E+04  0.12633313E+04  0.10299055E+04  0.84858311E+03  0.71016389E+03
  0.42435000E+02  0.19841251E+04  0.16112360E+04  0.13064091E+04  0.10656226E+04  0.87803452E+03  0.73440855E+03
  0.43440000E+02  0.20449739E+04  0.16627970E+04  0.13495989E+04  0.11015415E+04  0.90775647E+03  0.75897449E+03
  0.44445000E+02  0.21065731E+04  0.17151047E+04  0.13935243E+04  0.11381788E+04  0.93817521E+03  0.78421321E+03
  0.45465000E+02  0.21698540E+04  0.17689518E+04  0.14388534E+04  0.11760945E+04  0.96975884E+03  0.81051655E+03
  0.46470000E+02  0.22329506E+04  0.18227499E+04  0.14842491E+04  0.12141707E+04  0.10015770E+04  0.83711086E+03
  0.47475000E+02  0.22967836E+04  0.18772814E+04  0.15303691E+04  0.12529571E+04  0.10340876E+04  0.86437795E+03
  0.48495000E+02  0.23623181E+04  0.19333725E+04  0.15779146E+04  0.12930461E+04  0.10677901E+04  0.89273991E+03
  0.49500000E+02  0.24276228E+04  0.19893700E+04  0.16254841E+04  0.13332564E+04  0.11016922E+04  0.92136257E+03
  0.50520000E+02  0.24905978E+04  0.20466452E+04  0.16744855E+04  0.13747860E+04  0.11368046E+04  0.95110032E+03
  0.51525000E+02  0.25402398E+04  0.20993252E+04  0.17226222E+04  0.14163007E+04  0.11720837E+04  0.98107788E+03
  0.52530000E+02  0.25831856E+04  0.21471251E+04  0.17689347E+04  0.14577539E+04  0.12078854E+04  0.10117015E+04
  0.53550000E+02  0.26217543E+04  0.21914454E+04  0.18135571E+04  0.14990755E+04  0.12443959E+04  0.10433219E+04
  0.54555000E+02  0.26557112E+04  0.22315576E+04  0.18551454E+04  0.15386849E+04  0.12802002E+04  0.10748195E+04
  0.55560000E+02  0.26862184E+04  0.22685522E+04  0.18944592E+04  0.15770253E+04  0.13155884E+04  0.11064643E+04
  0.56580000E+02  0.27140610E+04  0.23032307E+04  0.19321502E+04  0.16145637E+04  0.13509072E+04  0.11385627E+04
  0.57585000E+02  0.27387235E+04  0.23348215E+04  0.19672255E+04  0.16501718E+04  0.13850052E+04  0.11700360E+04
  0.58590000E+02  0.27608736E+04  0.23640547E+04  0.20003633E+04  0.16844157E+04  0.14183336E+04  0.12012527E+04
  0.59610000E+02  0.27809837E+04  0.23914847E+04  0.20321164E+04  0.17177950E+04  0.14513250E+04  0.12325899E+04
  0.60615000E+02  0.27986254E+04  0.24164480E+04  0.20616426E+04  0.17493553E+04  0.14829805E+04  0.12630630E+04
  0.61620000E+02  0.28142487E+04  0.24394864E+04  0.20895050E+04  0.17796290E+04  0.15137757E+04  0.12930878E+04
  0.62640000E+02  0.28281634E+04  0.24610102E+04  0.21161590E+04  0.18090733E+04  0.15441440E+04  0.13230647E+04
  0.63645000E+02  0.28400658E+04  0.24804821E+04  0.21408905E+04  0.18368567E+04  0.15731914E+04  0.13520834E+04
  0.64650000E+02  0.28502664E+04  0.24983163E+04  0.21641661E+04  0.18634550E+04  0.16013746E+04  0.13805670E+04
  0.65670000E+02  0.28589638E+04  0.25148200E+04  0.21863599E+04  0.18892727E+04  0.16291015E+04  0.14089116E+04
  0.66675000E+02  0.28659772E+04  0.25295773E+04  0.22068731E+04  0.19135825E+04  0.16555652E+04  0.14362707E+04
  0.67680000E+02  0.28715137E+04  0.25429049E+04  0.22260919E+04  0.19368032E+04  0.16811895E+04  0.14630555E+04
  0.68700000E+02  0.28756853E+04  0.25550279E+04  0.22443207E+04  0.19592868E+04  0.17063489E+04  0.14896453E+04
  0.69705000E+02  0.28784261E+04  0.25656430E+04  0.22610664E+04  0.19804002E+04  0.17303144E+04  0.15152523E+04
  0.70710000E+02  0.28798590E+04  0.25749867E+04  0.22766455E+04  0.20005079E+04  0.17534729E+04  0.15402674E+04
  0.71730000E+02  0.28800247E+04  0.25832155E+04  0.22913019E+04  0.20199129E+04  0.17761632E+04  0.15650474E+04
  0.72735000E+02  0.28789625E+04  0.25901292E+04  0.23046390E+04  0.20380682E+04  0.17977288E+04  0.15888608E+04
  0.73740000E+02  0.28767246E+04  0.25958959E+04  0.23169124E+04  0.20552884E+04  0.18185194E+04  0.16120745E+04
  0.74760000E+02  0.28732897E+04  0.26006125E+04  0.23283118E+04  0.20718307E+04  0.18388382E+04  0.16350200E+04
  0.75765000E+02  0.28687940E+04  0.26041734E+04  0.23385298E+04  0.20872283E+04  0.18580971E+04  0.16570213E+04
  0.76770000E+02  0.28632280E+04  0.26066871E+04  0.23477675E+04  0.21017495E+04  0.18766097E+04  0.16784195E+04
  0.77790000E+02  0.28565153E+04  0.26081968E+04  0.23561654E+04  0.21156089E+04  0.18946444E+04  0.16995197E+04
  0.78795000E+02  0.28488820E+04  0.26086852E+04  0.23634995E+04  0.21284151E+04  0.19116789E+04  0.17197008E+04
  0.79800000E+02  0.28402633E+04  0.26082069E+04  0.23699212E+04  0.21403935E+04  0.19279915E+04  0.17392773E+04
  0.80820000E+02  0.28305334E+04  0.26067569E+04  0.23755260E+04  0.21517187E+04  0.19438171E+04  0.17585274E+04
  0.81825000E+02  0.28200018E+04  0.26043998E+04  0.23801678E+04  0.21620710E+04  0.19586970E+04  0.17768847E+04
  0.82830000E+02  0.28085537E+04  0.26011415E+04  0.23839528E+04  0.21716354E+04  0.19728757E+04  0.17946368E+04
  0.83850000E+02  0.27960182E+04  0.25969327E+04  0.23869346E+04  0.21805488E+04  0.19865552E+04  0.18120348E+04
  0.84855000E+02  0.27827829E+04  0.25919150E+04  0.23890409E+04  0.21885601E+04  0.19993390E+04  0.18285670E+04
  0.85860000E+02  0.27686875E+04  0.25860497E+04  0.23903358E+04  0.21958164E+04  0.20114387E+04  0.18444937E+04
  0.86880000E+02  0.27535190E+04  0.25792461E+04  0.23908338E+04  0.22024187E+04  0.20230245E+04  0.18600388E+04
  0.87885000E+02  0.27377389E+04  0.25717189E+04  0.23905328E+04  0.22081819E+04  0.20337606E+04  0.18747453E+04
  0.88890000E+02  0.27211448E+04  0.25633879E+04  0.23894576E+04  0.22132170E+04  0.20438266E+04  0.18888461E+04
  0.89910000E+02  0.27034844E+04  0.25541236E+04  0.23875857E+04  0.22175909E+04  0.20533620E+04  0.19025381E+04
  0.90915000E+02  0.26852896E+04  0.25442106E+04  0.23849825E+04  0.22211822E+04  0.20620903E+04  0.19154187E+04
  0.91920000E+02  0.26663185E+04  0.25335295E+04  0.23816356E+04  0.22240674E+04  0.20701602E+04  0.19276936E+04
  0.92940000E+02  0.26462815E+04  0.25219143E+04  0.23774872E+04  0.22262805E+04  0.20776807E+04  0.19395325E+04
  0.93945000E+02  0.26257785E+04  0.25097165E+04  0.23726678E+04  0.22277624E+04  0.20844340E+04  0.19505871E+04
  0.94950000E+02  0.26045299E+04  0.24967800E+04  0.23671296E+04  0.22285563E+04  0.20905384E+04  0.19610362E+04
  0.95970000E+02  0.25822110E+04  0.24829039E+04  0.23607812E+04  0.22286642E+04  0.20960734E+04  0.19710219E+04
  0.96975000E+02  0.25594868E+04  0.24685044E+04  0.23538161E+04  0.22280879E+04  0.21008787E+04  0.19802508E+04
  0.97980000E+02  0.25360423E+04  0.24533901E+04  0.23461527E+04  0.22268385E+04  0.21050429E+04  0.19888740E+04
  0.99000000E+02  0.25115190E+04  0.24373268E+04  0.23376670E+04  0.22248868E+04  0.21086162E+04  0.19970068E+04
  0.10000500E+03  0.24866451E+04  0.24207933E+04  0.23286140E+04  0.22222942E+04  0.21114956E+04  0.20044099E+04
